[-4.4, -4.6, -6.7, -7.8, -9.0, -10.3, -10.6, -9.6, -5.4, -2.6, -0.3, 1.1, 2.2, 1.9, 2.8, 3.1, 2.7, 1.8, 0.9, 0.0, -0.8, -1.1, -2.0, -2.6]
2018-02-13
[-1.8, -1.7, -2.4, -2.9, -0.9, -0.2, -0.2, 1.0, 4.5, 7.3, 9.4, 9.9, 10.2, 9.8, 9.3, 8.8, 8.2, 5.8, 4.3, 3.5, 2.5, 1.8, 1.6, 0.9]
2018-02-14
[0.0, -1.2, -2.4, -3.0, -4.1, -4.8, -4.6, -4.4, -1.5, -0.1, 1.1, 2.9, 4.1, 5.0, 5.3, 5.1, 3.8, 1.0, -0.8, -2.5, -3.5, -4.4, -5.3, -5.8]
2018-02-15
[-6.0, -6.6, -7.0, -6.8, -6.9, -7.0, -7.0, -5.8, -2.9, -0.3, 1.6, 3.2, 4.0, 5.0, 5.5, 5.4, 4.3, 2.1, 0.1, -1.4, -3.0, -2.8, -1.6, -0.2]
2018-02-16
[-1.1, -2.4, -4.1, -5.1, -6.4, -6.6, -7.4, -6.2, -3.2, -2.1, -0.7, 0.0, 0.6, 1.2, 1.9, 1.3, -0.4, -1.6, -2.3, -2.7, -3.5, -3.6, -3.8, -3.9]
2018-02-17
[-4.5, -4.9, -4.9, -5.7, -5.8, -5.9, -6.1, -4.6, -3.0, -1.5, -0.1, 1.4, 2.2, 2.7, 3.2, 3.4, 2.9, 1.2, -0.9, -2.1, -2.8, -3.6, -4.2, -3.7]
2018-02-18
[-3.7, -4.0, -3.8, -4.5, -5.3, -5.3, -5.4, -4.6, -1.1, 1.9, 3.7, 5.6, 6.4, 6.9, 7.4, 7.6, 7.3, 5.4, 2.9, 1.2, -1.2, -2.1, -2.9, -4.0]
2018-02-19
[-4.3, -4.7, -4.8, -5.3, -5.8, -6.0, -5.4, -4.1, -1.0, 1.7, 3.7, 5.7, 6.3, 6.6, 6.3, 5.5, 4.6, 3.4, 2.2, 1.3, 0.2, -0.7, -1.1, -1.9]
2018-02-20
[-1.4, -1.8, -3.0, -4.4, -5.4, -5.2, -5.8, -4.8, -2.1, -0.6, 0.4, 1.9, 3.2, 3.9, 3.8, 3.6, 2.9, 0.5, -1.6, -3.1, -4.3, -5.1, -5.6, -6.3]
2018-02-21
[-6.8, -6.9, -7.4, -8.0, -8.3, -8.3, -7.9, -6.5, -3.0, 0.0, 3.0, 5.1, 6.0, 6.1, 5.1, 4.3, 3.9, 4.0, 2.3, 0.6, -1.1, -2.4, -2.9, -0.4]
2018-02-22
[1.2, 1.3, 1.5, 1.4, 0.0, 0.1, 0.1, 0.1, 1.8, 3.4, 6.1, 6.9, 8.0, 9.2, 9.4, 9.1, 8.8, 8.3, 7.2, 6.3, 5.5, 5.2, 4.6, 4.5]
2018-02-23
[4.1, 3.1, 3.2, 3.9, 4.1, 4.3, 3.9, 3.4, 3.8, 5.3, 6.7, 8.1, 9.0, 10.0, 10.3, 10.3, 9.2, 5.6, 4.3, 2.5, 1.1, 0.0, -1.2, -1.1]
2018-02-24
[-0.8, -0.9, -0.9, -0.7, -0.6, -1.7, -2.3, -0.6, 1.0, 2.9, 5.0, 7.1, 8.2, 8.8, 9.5, 8.9, 7.9, 5.5, 2.5, 1.0, -0.9, -2.1, -3.0, -4.2]
2018-02-25
[-4.8, -5.0, -5.5, -6.0, -6.1, -6.1, -6.2, -4.6, -0.4, 2.5, 5.3, 7.2, 8.8, 10.1, 11.2, 10.8, 10.1, 7.0, 4.2, 2.7, 1.5, 0.2, -1.0, -2.1]
2018-02-26
[-2.5, -2.6, -2.8, -3.6, -4.1, -4.6, -4.4, -2.1, 1.5, 5.7, 9.4, 11.8, 13.3, 13.5, 13.4, 12.5, 11.8, 8.7, 6.3, 5.1, 4.4, 3.6, 2.7, 1.9]
2018-02-27
T[3.0, 2.7, 2.8, 3.2, 3.7, 3.8, 4.2, 4.0, 3.2, 2.6, 2.5, 2.9, 2.8, 2.3, 2.2, 2.0, 1.2, 0.6, -0.4, -1.4, -1.9, -2.2, -2.5, -2.8]
H[94.0, 93.0, 92.0, 92.0, 93.0, 91.0, 90.0, 81.0, 82.0, 76.0, 63.0, 55.0, 50.0, 48.0, 47.0, 47.0, 50.0, 50.0, 56.0, 61.0, 64.0, 65.0, 66.0, 69.0]
2018-03-01
T[-3.6, -4.3, -5.1, -5.9, -6.6, -6.6, -6.8, -5.2, -2.8, -1.1, 0.9, 2.5, 4.1, 5.5, 6.4, 6.9, 6.9, 4.2, 1.7, 0.3, -0.4, -1.8, -2.6, -3.7]
H[70.0, 71.0, 70.0, 74.0, 75.0, 77.0, 75.0, 67.0, 48.0, 45.0, 37.0, 35.0, 30.0, 28.0, 23.0, 24.0, 25.0, 35.0, 40.0, 45.0, 46.0, 57.0, 62.0, 71.0]
2018-03-02
T[-2.4, -2.1, -2.4, -2.9, -3.5, -3.5, -3.3, -1.3, 2.6, 5.7, 9.1, 12.2, 14.7, 16.2, 16.9, 17.5, 16.5, 13.9, 11.8, 10.5, 8.2, 6.2, 5.6, 6.4]
H[70.0, 71.0, 69.0, 72.0, 74.0, 77.0, 76.0, 70.0, 56.0, 42.0, 33.0, 28.0, 25.0, 26.0, 27.0, 30.0, 36.0, 42.0, 46.0, 51.0, 61.0, 68.0, 73.0, 75.0]
2018-03-03
T[6.8, 7.0, 7.3, 7.4, 7.2, 7.1, 7.1, 8.1, 9.6, 12.9, 16.8, 18.8, 20.1, 20.9, 21.3, 20.7, 19.3, 17.0, 16.9, 16.4, 13.7, 13.2, 13.0, 12.3]
H[75.0, 78.0, 79.0, 77.0, 75.0, 82.0, 82.0, 80.0, 75.0, 67.0, 63.0, 59.0, 55.0, 51.0, 49.0, 52.0, 53.0, 62.0, 66.0, 70.0, 88.0, 94.0, 95.0, 95.0]
2018-03-04